-1 0.1077 -1 0.1077 -1 0.1077 -1 0.1077 -1 0.1077
-0.978 0.10770047539876 -0.978 0.107700482834169 -0.978 0.107700549759529 -0.978 0.107701219012315 -0.978 0.10770791145846
-0.956 0.10770190158245 -0.956 0.107701931323818 -0.956 0.107702199022767 -0.956 0.107704875999183 -0.956 0.107731644456066
-0.934 0.1077042785133 -0.934 0.107704345430381 -0.934 0.10770494774367 -0.934 0.107710970810381 -0.934 0.107771194861126
-0.912 0.107707606128366 -0.912 0.107707725089584 -0.912 0.107708795845506 -0.912 0.107719503195585 -0.912 0.107826555792922
-0.89 0.107711884339538 -0.89 0.107712070211456 -0.89 0.107713743220864 -0.89 0.107730472804432 -0.89 0.107897717629847
-0.868 0.10771711303355 -0.868 0.107717380680341 -0.868 0.107719789731673 -0.868 0.107743879186615 -0.868 0.107984668020756
-0.846 0.107723292071999 -0.846 0.107723656354913 -0.846 0.107726935209221 -0.846 0.107759721792001 -0.846 0.108087391899505
-0.824 0.10773042129136 -0.824 0.107730897068195 -0.824 0.107735179454179 -0.824 0.107777999970773 -0.824 0.108205871502628
-0.802 0.107738500503008 -0.802 0.107739102627583 -0.802 0.10774452223663 -0.802 0.107798712973607 -0.802 0.108340086390096
-0.78 0.107747529493244 -0.78 0.107748272814867 -0.78 0.107754963296107 -0.78 0.107821859951863 -0.78 0.108490013469096
-0.758 0.107757508023324 -0.758 0.107758407386265 -0.758 0.107766502341624 -0.758 0.107847439957813 -0.758 0.108655627020766
-0.736 0.107768435829486 -0.736 0.107769506072456 -0.736 0.107779139051726 -0.736 0.107875451944887 -0.736 0.108836898729784
-0.714 0.107780312622991 -0.714 0.107781568578611 -0.714 0.107792873074531 -0.714 0.107905894767947 -0.714 0.109033797716752
-0.692 0.107793138090157 -0.692 0.107794594584435 -0.692 0.107807704027785 -0.692 0.107938767183589 -0.692 0.109246290573254
-0.67 0.107806911892402 -0.67 0.107808583744213 -0.67 0.107823631498916 -0.67 0.107974067850466 -0.67 0.109474341399496
-0.648 0.107821633666287 -0.648 0.107823535686849 -0.648 0.107840655045093 -0.648 0.108011795329638 -0.648 0.109717911844419
-0.626 0.107837298282501 -0.626 0.107839445274764 -0.626 0.107858769451304 -0.626 0.108051943334629 -0.626 0.109976956314858
-0.604 0.107853883278875 -0.604 0.107856290036652 -0.604 0.107877952160803 -0.604 0.108094488138952 -0.604 0.110251409195655
-0.582 0.107871369882549 -0.582 0.107874051189966 -0.582 0.107898184300473 -0.582 0.108139409630426 -0.582 0.110541206235712
-0.56 0.107889722125331 -0.56 0.107892692755796 -0.56 0.107919429791351 -0.56 0.108186670378375 -0.56 0.110846263228473
-0.538 0.107908879144781 -0.538 0.107912153859594 -0.538 0.107941627646157 -0.538 0.108236207899399 -0.538 0.111166468008413
-0.516 0.107928740095574 -0.516 0.10793233364186 -0.516 0.107964676873901 -0.516 0.108287919501422 -0.516 0.111501664741466
-0.494 0.107949141509856 -0.494 0.107953068617384 -0.494 0.107988413829028 -0.494 0.1083416395322 -0.494 0.111851630223848
-0.472 0.10796982431819 -0.472 0.107974099694382 -0.472 0.108012579214329 -0.472 0.108397106220325 -0.472 0.112216039167596
-0.45 0.107990387265717 -0.45 0.107995025587849 -0.45 0.108036771469034 -0.45 0.108453914811146 -0.45 0.112594414888993
-0.428 0.108010223202976 -0.428 0.108015239106156 -0.428 0.108060383017346 -0.428 0.108511453435346 -0.428 0.112986061467124
-0.406 0.108028434891394 -0.406 0.108033842950376 -0.406 0.108082516012335 -0.406 0.108568818299325 -0.406 0.113389973511576
-0.384 0.108043727767314 -0.384 0.10804954246965 -0.384 0.108101875013331 -0.384 0.108624705584073 -0.384 0.113804720420501
-0.362 0.108054278783671 -0.362 0.108060514491115 -0.362 0.108116635710143 -0.362 0.108677279113921 -0.362 0.114228303682662
-0.34 0.10805758317012 -0.34 0.108064254064717 -0.34 0.108124291530059 -0.34 0.108724015587609 -0.34 0.114657988593648
-0.318 0.108050284772718 -0.318 0.108057404783769 -0.318 0.10812148378622 -0.318 0.108761533007851 -0.318 0.115090115810719
-0.296 0.108028000406158 -0.296 0.108035583114382 -0.296 0.108103825801965 -0.296 0.10878541275845 -0.296 0.115519903349865
-0.274 0.107985153962722 -0.274 0.107993212478741 -0.274 0.108065736762941 -0.274 0.108790031149483 -0.274 0.115941255535578
-0.252 0.107914841163345 -0.252 0.107923387979128 -0.252 0.108000306197782 -0.252 0.108768421469916 -0.252 0.116346601319954
-0.23 0.107808749826194 -0.23 0.10781779664052 -0.23 0.107899213987022 -0.23 0.108712191665537 -0.23 0.11672678924642
-0.208 0.107657162217262 -0.208 0.107666719739602 -0.208 0.107752732497797 -0.208 0.108611524536614 -0.208 0.117071068875412
-0.186 0.107449064304647 -0.186 0.107459142045821 -0.186 0.107549835705978 -0.186 0.108455285675999 -0.186 0.117367187414991
-0.164 0.107172380709642 -0.164 0.107182986771939 -0.164 0.107278434141916 -0.164 0.10823125837055 -0.164 0.117601624556051
-0.142 0.106814343547211 -0.142 0.10682548443069 -0.142 0.106925743892747 -0.142 0.107926514060736 -0.142 0.117759977620451
-0.12 0.106361988713698 -0.12 0.106373669158418 -0.12 0.106478783249404 -0.12 0.107527912218377 -0.12 0.11782749349026
-0.0980000000000003 0.105802756010879 -0.0980000000000003 0.105814978896084 -0.0980000000000003 0.105924973400159 -0.0980000000000003 0.107022706157414 -0.0980000000000003 0.117789724866915
-0.0760000000000003 0.105125152196095 -0.0760000000000003 0.105137918516222 -0.0760000000000003 0.10525280224897 -0.0760000000000003 0.106399213752264 -0.0760000000000003 0.117633268731952
-0.0540000000000003 0.104319421613698 -0.0540000000000003 0.104332730547179 -0.0540000000000003 0.10445249597466 -0.0540000000000003 0.105647497326494 -0.0540000000000003 0.117346527724755
-0.0320000000000004 0.103378160533332 -0.0320000000000004 0.103392009613489 -0.0320000000000004 0.103516634390038 -0.0320000000000004 0.104759988173874 -0.0320000000000004 0.116920423979346
-0.0100000000000003 0.102296811086014 -0.0100000000000003 0.102311196474586 -0.0100000000000003 0.102440645904031 -0.0100000000000003 0.103731990724863 -0.0100000000000003 0.116348992653932
0.0119999999999998 0.101073979822248 0.0119999999999998 0.10108889667615 0.0119999999999998 0.101223127011948 0.0119999999999998 0.102562010393591 0.0119999999999998 0.115629790473439
0.0339999999999998 0.0997115437329392 0.0339999999999998 0.0997269866452116 0.0339999999999998 0.0998659490579156 0.0339999999999998 0.101251866981255 0.0339999999999998 0.114764072710879
0.0559999999999996 0.098214530592893 0.0559999999999996 0.0982304940807547 0.0559999999999996 0.0983741390492558 0.0559999999999996 0.0998065796983613 0.0559999999999996 0.113756717746177
0.0779999999999996 0.0965907868575988 0.0779999999999996 0.0966072658654632 0.0779999999999996 0.096755547702597 0.0779999999999996 0.0982340365297811 0.0779999999999996 0.112615907601588
0.0999999999999996 0.0948504706572664 0.0999999999999996 0.0948674610411408 0.0999999999999996 0.0950203422515676 0.0999999999999996 0.0965444853477127 0.0999999999999996 0.11135260079684
0.122 0.0930054256990548 0.122 0.0930229246611931 0.122 0.0931803798514108 0.122 0.0947499028287417 0.122 0.109979855901699
0.144 0.0910685014126708 0.144 0.0910865078611616 0.144 0.0912485269738684 0.144 0.0928633070924779 0.144 0.108512076972967
0.166 0.089052884570348 0.166 0.0890713993865321 0.166 0.089237990105458 0.166 0.0908980801135826 0.166 0.106964254260781
0.188 0.0869714988477642 0.188 0.0869905250536928 0.188 0.0871617143088789 0.188 0.0888673573046092 0.188 0.105351265838814
0.21 0.0848365137878986 0.21 0.0848560566151411 0.21 0.0850318912005098 0.21 0.0867835266399484 0.21 0.10368729054344
0.232 0.0826589865708847 0.232 0.0826790534397284 0.232 0.0828595998243987 0.232 0.0846578614961701 0.232 0.101985363180891
0.254 0.0804486420778984 0.254 0.0804692425015737 0.254 0.0806545859666785 0.254 0.0825002932549255 0.254 0.100257082931964
0.276 0.0782137815563295 0.276 0.0782349269879739 0.276 0.0784251702484731 0.276 0.0803193142839168 0.276 0.0985124682605926
0.298 0.075961299363205 0.298 0.0759830030038929 0.298 0.0761782644804147 0.298 0.0781219908357638 0.298 0.0967599384278902
0.32 0.0736967813431393 0.32 0.0737190579278059 0.32 0.0739194698200807 0.32 0.0759140592743537 0.32 0.0950063937933352
0.342 0.0714246570374721 0.342 0.0714475226124882 0.342 0.0716532288983628 0.342 0.073700077523874 0.342 0.0932573642857088
0.364 0.0691483801560074 0.364 0.0691718518581241 0.364 0.0693830063058826 0.364 0.0714836057765413 0.364 0.0915171968399991
0.386 0.0668706163170689 0.386 0.066894712158995 0.386 0.0671114764007266 0.386 0.0692673950311933 0.386 0.0897892569205565
0.408 0.0645934227239471 0.408 0.0646181613873662 0.408 0.064840703061179 0.408 0.0670535677020638 0.408 0.0880761251136774
0.43 0.0623184101543597 0.43 0.0623438107869755 0.43 0.0625723017181449 0.43 0.0648437802762896 0.43 0.0863797759766175
0.452 0.0600468826688711 0.452 0.0600729646781431 0.452 0.0603075790342748 0.452 0.0626393630664158 0.452 0.0847017319901114
0.474 0.057779954403646 0.474 0.0578067372361046 0.474 0.058047649557923 0.474 0.0604414360926781 0.474 0.083043190048309
0.496 0.0555186456014063 0.496 0.0555461484925099 0.496 0.0557935314672636 0.496 0.0582510029231217 0.496 0.0814051212270845
0.518 0.0532639617617853 0.518 0.0532922034367402 0.518 0.0535462252413376 0.518 0.056069025994305 0.518 0.0797883466391472
0.54 0.0510169606929338 0.54 0.0510459589930847 0.54 0.0513067799832928 0.54 0.0538964877532112 0.54 0.07819359320768
0.562 0.0487788126050539 0.562 0.0488085840065194 0.562 0.0490763524593511 0.562 0.0517344421723215 0.562 0.0766215334347945
0.584 0.04655085848636 0.584 0.046581417466344 0.584 0.0468562639849391 0.584 0.049584061057693 0.584 0.0750728129766845
0.606 0.0443346720957873 0.606 0.0443660302858203 0.606 0.0446480603355202 0.606 0.0474466793183553 0.606 0.0735480692962766
0.627999999999999 0.0421321312119147 0.627999999999999 0.0421642962538106 0.627999999999999 0.0424535800945437 0.627999999999999 0.0453238431680788 0.627999999999999 0.0720479440218036
0.649999999999999 0.0399455060649134 0.649999999999999 0.039978480052322 0.649999999999999 0.0402750390478584 0.649999999999999 0.0432173669176472 0.649999999999999 0.070573093753797
0.671999999999999 0.0377775690742451 0.671999999999999 0.0378113464102035 0.671999999999999 0.0381151342403669 0.671999999999999 0.0411293987834488 0.671999999999999 0.069124194776957
0.694 0.0356317318656313 0.694 0.0356662962904139 0.694 0.0359771729346326 0.694 0.0390624964226439 0.694 0.067701935739617
0.716 0.0335122399504822 0.716 0.0335475604026896 0.716 0.0338652559824563 0.716 0.0370197369644176 0.716 0.0663070297766472
0.738 0.0314244245354285 0.738 0.0314604493430941 0.738 0.0317845134777001 0.738 0.0350048496494155 0.738 0.0649402156218565
0.76 0.0293750405677137 0.76 0.0294116892565875 0.76 0.0297414197900123 0.76 0.0330223867893664 0.76 0.0636022581538001
0.781999999999999 0.027372721446191 0.781999999999999 0.0274098731644736 0.781999999999999 0.0277442156517413 0.781999999999999 0.0310779449502517 0.781999999999999 0.062293948842215
0.803999999999999 0.025428587660047 0.803999999999999 0.0254660648677363 0.803999999999999 0.0258034711866306 0.803999999999999 0.0291784505971397 0.803999999999999 0.0610161060697883
0.825999999999999 0.0235570495043127 0.825999999999999 0.0235945952450508 0.825999999999999 0.0239328268068322 0.825999999999999 0.0273325264287512 0.825999999999999 0.0597695753003317
0.847999999999999 0.021776832005891 0.847999999999999 0.021814079044714 0.847999999999999 0.0221499395633697 0.847999999999999 0.0255509540554189 0.847999999999999 0.0585552290605912
0.869999999999999 0.0201121993557645 0.869999999999999 0.0201486304320456 0.869999999999999 0.0204776208530433 0.869999999999999 0.0238472414150762 0.869999999999999 0.057373966698962
0.891999999999999 0.0185942204309974 0.891999999999999 0.0186291223356344 0.891999999999999 0.0189450386406508 0.891999999999999 0.0222382813245028 0.891999999999999 0.0562267138804104
0.913999999999999 0.0172616286512392 0.913999999999999 0.0172940511957628 0.913999999999999 0.0175886145965891 0.913999999999999 0.0207450368960138 0.913999999999999 0.0551144217730989
0.935999999999999 0.0161603506659969 0.935999999999999 0.0161890965965459 0.935999999999999 0.0164518313019493 0.935999999999999 0.0193930907321053 0.935999999999999 0.0540380658787816
0.957999999999999 0.0153402856315616 0.957999999999999 0.0153639739816596 0.957999999999999 0.0155826931434907 0.957999999999999 0.0182127330632637 0.957999999999999 0.0529986444562506
0.979999999999999 0.0148481013092355 0.979999999999999 0.0148653426469917 0.979999999999999 0.0150275935523846 0.979999999999999 0.0172380643573586 0.979999999999999 0.0519971764853093
1.002 0.0147167313395748 1.002 0.0147263974573642 1.002 0.0148217791478887 1.002 0.0165044840017224 1.002 0.0510346991183114
1.024 0.014955686869812 1.024 0.0149571637052822 1.024 0.0149796242635591 1.024 0.0160442169898569 1.024 0.0501122645676802
1.046 0.0155479026810572 1.046 0.0155411841381411 1.046 0.0154900377321671 1.046 0.0158804691283794 1.046 0.049230936381499
1.068 0.016455281992162 1.068 0.0164408638587916 1.068 0.0163200391588074 1.068 0.0160221270502845 1.068 0.0483917850657345
1.09 0.0176292272312324 1.09 0.0176078934112491 1.09 0.0174241139585573 1.09 0.0164614814847044 1.09 0.0475958830213998
1.112 0.0190204447847808 1.112 0.0189930662893449 1.112 0.0187540320832532 1.112 0.0171762100798436 1.112 0.046844298778397
1.134 0.0205849291136098 1.134 0.0205523348181004 1.134 0.0202654970453205 1.134 0.0181345377295233 1.134 0.0461380905251675
1.156 0.0222862202543676 1.156 0.0222491375521663 1.156 0.0219211026150817 1.156 0.0193011211492427 1.156 0.0454782989547168
1.178 0.0240953572230029 1.178 0.0240543977159704 1.178 0.0236907563642768 1.178 0.0206416572314985 1.178 0.0448659394728565
1.2 0.0259898285122655 1.2 0.0259454958996247 1.2 0.0255508711347889 1.2 0.0221255323075898 1.2 0.0443019938430913
1.222 0.0279522888589472 1.222 0.0279049948693703 1.222 0.027483174788796 1.222 0.0237268158923232 1.222 0.0437874013735198
1.244 0.0299693850257673 1.244 0.0299194663571642 1.244 0.0294735529714526 1.244 0.0254242241441984 1.244 0.0433230497830527
1.266 0.0320307968250606 1.266 0.031978530243266 1.266 0.031511075047967 1.266 0.0272005908788946 1.266 0.0429097659153919
1.288 0.0341284950118547 1.288 0.0340741098194142 1.288 0.0335872270749016 1.288 0.029042184978603 1.288 0.0425483064974384
1.31 0.036256181796234 1.31 0.0361998697552524 1.31 0.0356953272734476 1.31 0.0309380468576252 1.31 0.0422393491617774
1.332 0.0384088737831476 1.332 0.0383507968732982 1.332 0.0378300873148231 1.332 0.0328794135596065 1.332 0.0419834839682761
1.354 0.0405825919866664 1.354 0.0405228884273179 1.354 0.0399872848061958 1.354 0.0348592485946435 1.354 0.0417812056654989
1.376 0.042774130963431 1.376 0.0427129198834215 1.376 0.0421635186890214 1.376 0.0368718690935526 1.376 0.0416329069269682
1.398 0.0449808860215691 1.398 0.0449182710898049 1.398 0.044356025853828 1.398 0.0389126548585074 1.398 0.0415388727793587
1.42 0.0472007230369916 1.42 0.0471367952987672 1.42 0.0465625428386726 1.42 0.0409778230038408 1.42 0.0414992764095562
1.442 0.0494318796273837 1.442 0.0493667197338227 1.442 0.0487812007900698 1.442 0.0430642537676725 1.442 0.041514176496183
1.464 0.0516728895278691 1.464 0.0516065695004339 1.464 0.0510104450733858 1.464 0.0451693557066367 1.464 0.0415835161607981
1.486 0.0539225242476009 1.486 0.0538551088848049 1.486 0.0532489732594508 1.486 0.047290961016351 1.486 0.0417071235774655
1.508 0.0561797476920725 1.508 0.0561112956992836 1.508 0.0554956869052198 1.508 0.0494272438612588 1.508 0.0418847142203408
1.53 0.0584436805884203 1.53 0.0583742454920019 1.53 0.0577496537653245 1.53 0.0515766563030637 1.53 0.0421158946711689
1.552 0.0607135723803805 1.552 0.0606432032727479 1.552 0.0600100779511738 1.552 0.0537378777333505 1.552 0.0424001678558381
1.574 0.0629887788591643 1.574 0.0629175210103683 1.574 0.0622762761915469 1.574 0.0559097747148457 1.574 0.0427369395345785
1.596 0.0652687442325038 1.596 0.0651966395957324 1.596 0.0645476588126206 1.596 0.0580913688871752 1.596 0.0431255258364355
1.618 0.0675529866532076 1.618 0.0674800742854018 1.618 0.0668237143952216 1.618 0.0602818111562497 1.618 0.0435651616067051
1.64 0.0698410864637154 1.64 0.0697674028778103 1.64 0.069103997317664 1.64 0.0624803608085321 1.64 0.0440550093264395
1.662 0.0721326765876643 1.662 0.0720582560493972 1.662 0.0713881175785354 1.662 0.0646863685083655 1.662 0.0445941683653178
1.684 0.0744274346299423 1.684 0.0743523094094371 1.684 0.0736757324328343 1.684 0.0668992623752609 1.684 0.0451816843416936
1.706 0.0767250763449183 1.706 0.0766492769311513 1.706 0.0759665394795191 1.706 0.069118536518597 1.706 0.0458165583844939
1.728 0.0790253502069916 1.728 0.0789489054916121 1.728 0.0782602709178488 1.728 0.0713437415443948 1.728 0.0464977561185367
1.75 0.0813280328744376 1.75 0.0812509703101445 1.75 0.0805566887504182 1.75 0.073574476653642 1.75 0.0472242162254032
1.772 0.0836329253811899 1.772 0.0835552711188672 1.772 0.0828555807572758 1.772 0.0758103830321229 1.772 0.0479948584640225
1.794 0.0859398499249665 1.794 0.0858616289329944 1.794 0.0851567571014414 1.794 0.0780511382938531 1.794 0.0488085910666988
1.816 0.0882486471464191 1.816 0.0881698833149513 1.816 0.0874600474540864 1.816 0.0802964517884605 1.816 0.0496643174559111
1.838 0.0905591738145552 1.838 0.0904798900470554 1.838 0.0897652985495021 1.838 0.0825460606205084 1.838 0.0505609422537673
1.86 0.0928713008498704 1.86 0.0927915191438005 1.86 0.0920723720971913 1.86 0.0847997262583052 1.86 0.0514973765788153
1.882 0.0951849116294497 1.882 0.0951046531476801 1.882 0.0943811429920258 1.882 0.0870572316330543 1.882 0.052472542643709
1.904 0.0974999005285003 1.904 0.0974191856627507 1.904 0.0966914977742509 1.904 0.089318378647683 1.904 0.0534853776819901
1.926 0.0998161716609403 1.926 0.0997350200883469 1.926 0.0990033332997745 1.926 0.0915829860294164 1.926 0.0545348372431925
1.948 0.102133637788231 1.948 0.102052068521962 1.948 0.101316555588142 1.948 0.0938508874719568 1.948 0.0556198979029953
1.97 0.104452219370944 1.97 0.104370250805641 1.97 0.103631078821217 1.97 0.0961219300226216 1.97 0.0567395594396841
1.992 0.106771843741855 1.992 0.10668949369456 1.992 0.105946824470143 1.992 0.0983959726774626 1.992 0.0578928465302524
2.014 0.109092444382869 2.014 0.109009730130001 2.014 0.108263720531892 2.014 0.100672885153615 2.014 0.0590788100195535
2.036 0.111413960290944 2.036 0.1113308986018 2.036 0.110581700859724 2.036 0.10295254681321 2.036 0.0602965278144853
2.058 0.113736335420554 2.058 0.113652942587753 2.058 0.112900704574392 2.058 0.10523484571733 2.058 0.0615451054526487
2.08 0.116059518192159 2.08 0.115975810059378 2.08 0.115220675544994 2.08 0.107519677791923 2.08 0.0628236763916257
2.102 0.118383461057797 2.102 0.118299453045106 2.102 0.117541561930057 2.102 0.109806946090393 2.102 0.0641314020612765
2.124 0.120708120116211 2.124 0.120623827243276 2.124 0.119863315770884 2.124 0.112096560139934 2.124 0.0654674717174698
2.146 0.123033454771084 2.146 0.122948891678464 2.146 0.122185892630356 2.146 0.114388435360623 2.146 0.0668311021316423
2.168 0.125359427426864 2.168 0.1252746083956 2.168 0.124509251271383 2.168 0.116682492547889 2.168 0.0682215371466481
2.19 0.127686003217462 2.19 0.127600942187146 2.19 0.12683335337002 2.19 0.118978657410351 2.19 0.0696380471256065
2.212 0.130013149763766 2.212 0.12992786034923 2.212 0.129158163258973 2.212 0.121276860156158 2.212 0.0710799283169586
2.234 0.132340836956472 2.234 0.132255332463242 2.234 0.131483647697814 2.234 0.123577035121911 2.234 0.0725465021557161
2.256 0.134669036761214 2.256 0.134583330199842 2.256 0.133809775666703 2.256 0.125879120439079 2.256 0.0740371145179751
2.278 0.136997723043368 2.278 0.136911827142756 2.278 0.136136518180877 2.278 0.128183057733486 2.278 0.075551134943144
2.3 0.139326871410264 2.3 0.139240798630065 2.3 0.138463848123494 2.3 0.130488791854064 2.3 0.0770879558360223
2.322 0.141656459068829 2.322 0.141570221611009 2.322 0.140791740094754 2.322 0.132796270627528 2.322 0.0786469916588209
2.344 0.143986464696919 2.344 0.143900074516564 2.344 0.143120170275482 2.344 0.135105444636103 2.344 0.0802276781214418
2.366 0.146316868326851 2.366 0.146230337142275 2.366 0.145449116303567 2.366 0.137416267015738 2.366 0.0818294713767913
2.388 0.148647651239799 2.388 0.14856099054201 2.388 0.147778557161878 2.388 0.139728693272633 2.388 0.0834518472265802
2.41 0.15097879586989 2.41 0.150892016931483 2.41 0.150108473076426 2.41 0.142042681116096 2.41 0.0850943003419326
2.432 0.153310285716994 2.432 0.153223399600498 2.432 0.152438845423695 2.432 0.144358190306055 2.432 0.0867563435021656
2.454 0.15564210526728 2.454 0.155555122833017 2.454 0.154769656646188 2.454 0.146675182513693 2.454 0.0884375068542938
2.476 0.157974239920772 2.476 0.157887171834262 2.476 0.157100890175355 2.476 0.148993621193889 2.476 0.0901373371951319
2.498 0.160306675925175 2.498 0.160219532664121 2.498 0.159432530361166 2.498 0.151313471468292 2.498 0.0918553972773069
2.52 0.162639400315361 2.52 0.162552192176245 2.52 0.161764562407647 2.52 0.153634700017973 2.52 0.0935912651400204
2.542 0.164972400857957 2.542 0.164885137962278 2.542 0.164096972313825 2.542 0.155957274984734 2.542 0.0953445334650219
2.564 0.167305666000533 2.564 0.167218358300714 2.564 0.166429746819538 2.564 0.158281165880254 2.564 0.0971148089579377
2.586 0.169639184824967 2.586 0.169551842109952 2.586 0.168762873355653 2.586 0.160606343502332 2.586 0.0989017117548532
2.608 0.171972947004577 2.608 0.17188557890514 2.608 0.171096339998287 2.608 0.162932779857573 2.608 0.100704874853842
2.63 0.174306942764681 2.63 0.174219558758469 2.63 0.173430135426647 2.63 0.165260448089928 2.63 0.102523943570978
2.652 0.176641162846261 2.652 0.176553772262587 2.652 0.175764248884166 2.652 0.167589322414566 2.652 0.104358575020253
2.674 0.178975598472461 2.674 0.178888210496864 2.674 0.178098670142634 2.674 0.169919378056605 2.674 0.106208437616716
2.696 0.181310241317657 2.696 0.181222864996246 2.696 0.18043338946906 2.696 0.172250591194275 2.696 0.108073210602101
2.718 0.183645083478871 2.718 0.183557727722465 2.718 0.182768397595026 2.718 0.174582938906136 2.718 0.109952583592149
2.74 0.185980117449329 2.74 0.185892791037405 2.74 0.185103685688307 2.74 0.176916399122003 2.74 0.111846256144811
2.762 0.188315336093981 2.762 0.188228047678446 2.762 0.187439245326575 2.762 0.179250950577277 2.762 0.113753937348504
2.784 0.190650732626806 2.784 0.190563490735598 2.784 0.189775068473004 2.784 0.181586572770383 2.784 0.115675345429572
2.806 0.192986300589756 2.806 0.192899113630291 2.806 0.192111147453616 2.806 0.183923245923083 2.806 0.117610207378127
2.828 0.19532203383321 2.828 0.19523491009568 2.828 0.194447474936227 2.828 0.186260950943414 2.828 0.119558258591449
2.85 0.197657926497804 2.85 0.19757087415833 2.85 0.196784043910861 2.85 0.188599669391061 2.85 0.121519242534133
2.872 0.199993972997528 2.872 0.199907000121189 2.872 0.199120847671513 2.872 0.190939383444953 2.872 0.123492910414203
2.894 0.202330168003988 2.894 0.202243282547723 2.894 0.20145787979915 2.894 0.193280075872936 2.894 0.125479020874433
2.916 0.204666506431749 2.916 0.204579716247138 2.916 0.203795134145865 2.916 0.195621730003338 2.916 0.12747733969813
2.938 0.207002983424654 2.938 0.206916296260595 2.938 0.206132604820075 2.938 0.197964329698308 2.938 0.129487639528688
2.96 0.209339594343069 2.96 0.209253017848343 2.96 0.208470286172698 2.96 0.200307859328771 2.96 0.131509699602211
2.982 0.211676334751956 2.982 0.211589876477702 2.982 0.210808172784226 2.982 0.20265230375091 2.982 0.133543305492574
3.004 0.21401320040974 3.004 0.213926867811823 3.004 0.213146259452632 3.004 0.204997648284038 3.004 0.135588248868283
3.026 0.216350187257879 3.026 0.216263987699182 3.026 0.21548454118204 3.026 0.207343878689776 3.026 0.137644327260556
3.048 0.218687291411109 3.048 0.218601232163732 3.048 0.217823013172114 3.048 0.209690981152435 3.048 0.139711343842035
3.07 0.221024509148307 3.07 0.22093859739569 3.07 0.220161670808104 3.07 0.212038942260533 3.07 0.141789107215623
3.092 0.223361836903922 3.092 0.223276079742887 3.092 0.222500509651504 3.092 0.214387748989342 3.092 0.143877431212898
3.114 0.225699271259935 3.114 0.225613675702661 3.114 0.224839525431274 3.114 0.216737388684428 3.114 0.145976134701647
3.136 0.228036808938317 3.136 0.227951381914242 3.136 0.227178714035604 3.136 0.219087849046083 3.136 0.148085041402041
3.158 0.230374446793943 3.158 0.230289195151601 3.158 0.229518071504154 3.158 0.22143911811462 3.158 0.150203979711017
3.18 0.232712181807926 3.18 0.232627112316723 3.18 0.231857594020757 3.18 0.223791184256454 3.18 0.152332782534457
3.202 0.235050011081358 3.202 0.234965130433285 3.202 0.234197277906555 3.202 0.22614403615092 3.202 0.154471287126766
3.224 0.237387931829411 3.224 0.237303246640705 3.224 0.236537119613516 3.224 0.228497662777792 3.224 0.156619334937474
3.246 0.239725941375786 3.246 0.239641458188528 3.246 0.238877115718341 3.246 0.230852053405448 3.246 0.158776771464519
3.268 0.242064037147482 3.268 0.241979762431153 3.268 0.241217262916695 3.268 0.233207197579637 3.268 0.160943446113864
3.29 0.244402216669863 3.29 0.244318156822844 3.29 0.243557558017781 3.29 0.23556308511283 3.29 0.163119212065152
3.312 0.246740477562007 3.312 0.246656638913033 3.312 0.245897997939202 3.312 0.237919706074087 3.312 0.165303926143071
3.334 0.249078817532319 3.334 0.248995206341886 3.334 0.248238579702109 3.334 0.240277050779445 3.334 0.167497448694178
3.356 0.251417234374376 3.356 0.251333856836108 3.356 0.250579300426614 3.356 0.242635109782765 3.356 0.169699643468887
3.378 0.253755725963017 3.378 0.253672588204989 3.378 0.252920157327454 3.378 0.244993873867027 3.378 0.171910377508394
3.4 0.256094290250637 3.4 0.256011398336657 3.4 0.255261147709874 3.4 0.247353334036045 3.4 0.17412952103627
